/cam1/zed_node_A/left/image_rect_color
/cam1/zed_node_A/left/camera_info
D: [0.0, 0.0, 0.0, 0.0, 0.0]
K: [739.1656494140625, 0.0, 951.3283081054688, 0.0, 739.1656494140625, 566.4527587890625, 0.0, 0.0, 1.0]
R: [1.0, 0.0, 0.0, 0.0, 1.0, 0.0, 0.0, 0.0, 1.0]
P: [739.1656494140625, 0.0, 951.3283081054688, 0.0, 0.0, 739.1656494140625, 566.4527587890625, 0.0, 0.0, 0.0, 1.0, 0.0]


/cam2/zed_node_B/left/image_rect_color
/cam2/zed_node_B/left/camera_info
height: 1080
width: 1920
distortion_model: "plumb_bob"
D: [0.0, 0.0, 0.0, 0.0, 0.0]
K: [734.4661865234375, 0.0, 962.6373901367188, 0.0, 734.4661865234375, 570.3966064453125, 0.0, 0.0, 1.0]
R: [1.0, 0.0, 0.0, 0.0, 1.0, 0.0, 0.0, 0.0, 1.0]
P: [734.4661865234375, 0.0, 962.6373901367188, 0.0, 0.0, 734.4661865234375, 570.3966064453125, 0.0, 0.0, 0.0, 1.0, 0.0]


/cam3/zed_node_C/left/image_rect_color
/cam3/zed_node_C/left/camera_info
height: 1080
width: 1920
distortion_model: "plumb_bob"
D: [0.0, 0.0, 0.0, 0.0, 0.0]
K: [731.402099609375, 0.0, 985.076416015625, 0.0, 731.402099609375, 558.0054931640625, 0.0, 0.0, 1.0]
R: [1.0, 0.0, 0.0, 0.0, 1.0, 0.0, 0.0, 0.0, 1.0]
P: [731.402099609375, 0.0, 985.076416015625, 0.0, 0.0, 731.402099609375, 558.0054931640625, 0.0, 0.0, 0.0, 1.0, 0.0]

